3333 3333. 33333 3. 33 3333 3 3333,
Φλὲἓωέξξ 333333333333 . ,
333 33333 ‚333331 ,3333333 ,3333 33333, 333333. 3

33333333333323 33333332333333
4433 33333333 3333:33... 333333 3343333..ᾼέ .
33333333333333333333333333333
3333333333333333333333333333333
,33333 33333 3333 33333 ...3333 333333 3333 3333
,33333333333333333333333333333333
, 3333333333333033333333333333333
3333353333ὲί {3333 3.,ηὲ
33333333333333333333333333 .

. 333333, 33332333333333333 f

33323333333 ,3333333333
., 3330 3333 3333333 Ξ, ,3333 3338 33

333 3333,

Ὲ3Ξ3Ξξὲἒ3,

333333333333333333333333333333

3

 

