Α {a ,3, 3333 ,3 a, 333 ,33 ,3 ,3, .
33, ,3333333333 -3 333 ,3 333 ,3 Α 3333 ,3
33 333, ,3 33 3333 3333, ,333 ,333 ,3 33,
,3333 333, ,3 f„ 33. ,3 3333, ,3 33 ,3 >m

33333333 333 3., 333.. ,3 3333333333,

33ι3333333333333,33333.

3333333333333333 .

,33333333 333, 33 33, 333, 333,

3333333333, 3333333. 33333333
333333333333333 333333,

3 ,3333333333 33.

{QZ-2} 3333333333.
,33 33 333, 3333 {a 333 33 3333 33,
,33 &m 3, 3333 333, 333. ,333 33 333
g 333333, ,3 333. 33 333. 333. a. 33
333, 33, 333, 33, ,3 333, 3333 333.
g . ,,
{a „33 33. 3, 333, 33 333 3 333

33,

 

