,333 ,3,,3 ,33 33, 3, ,3,3, ,3 ,3,3, 3,,,3

,,,3.,.,,.,,,ΞΞ,,,,,,,, ..3333- ,

33, ‚333 ,3,..υ ,,3 33 ,3,3, 3,, 3,,
,33 ,3, ,ω 3,,,,. .,,,, 33 ,3,,33 ,33 ,,, ,33

,3, ,3 33 333 3 ,3, 33 33
,33 ,3 ,3, ,3 ,33 ,3, ,3, 3333 ,33 3,, ,
33333333 3333

}3{{3{333

3333333333

,ευ ,33 ,3, ,333 3 ,3,3, ,αέ .

,333 3,,υ Ξ, 3, ,3 3 ..3, ,3 33. ,3 ,

3333. , ,
,333 3333 ,333 ,..,,,,,, ,333 ,33 ,3, 3, ,
3,,,ἶῑ3333ςὲ33333

3333333333333333 ,

3333333333333333
,,3 ,3, 333, 3333 . 33 33.

33 33, ,3 3,, ,3, 3.- ,33 .
3,,,3 33 ,333 33, 333 3,, 3

z

 

