3 ...33333 33 ...333333 3333 33 333 3333 ...3333
33333 333. 33 ,3333 3333 3 33333333 3333 3333

3333333

333333, 333333, 33 3333, 3333333 333333 3 «3333
, 333333 3333 33 ,3 33333 3333 33333 333333

''l-'¹¹1¹'

333 333333 q} 333 33 333333 ,33 33 3333 3 3333.
, 333333 ..3333333333 333 3333 333 33333,

333333 33333 3333, 3333 333 33 3333 333333 3333..

. 3333 3333.

3333 33 333 ,3333333 33, 33333 33 ,33333 333,
a} 3333 {- 33 ,33 33333333 ,3 333 33333333
33333 333 ,3 33333 33, {a 333 33 3333 3
3333 3333 33333 33 333 3333333 3333 33 3333 33 ,
3333 ..3333 33 3333333333 33333 333 3 33
33333 3333333 3333333333 ,33333 33 33333.
333.333 33 33333. 3333333 33 33 3333 333333 3333333333

33333

 

