333333..

3,,333Ξ33333333333
{333333333333
333333,3,33,33,3,33,3,ω3,33,,3
,Ξέἒῗῖἒαψὲξῶ ,33
33 33, 33 33 ,333 3,, ,3, ,333 33,
333, 33 33, ,3Ξ,3,3,,,,,3,,3,
3333332333ᾎᾶ,Ξῖ

,333 ,33 ,33 313 33 ,3, ..333 ,33
,3, ,333 33 ,3 333, 33, ,33 33

,ΕΞ 33, ,333 ,3333 3, ,333

, ,333 ,3 ,3 ,3.3,3 33..

3333333333333333 33333
33333333, 33 3. ,33 333
,3 3333333333 3,.3, 333333
,33 ,33333 3333333333, 333
{035} 33 ,ἐξ „33 Ὦ ,332 Ξ,
,33 ,3333 ,33 ,333 3,,3, ‚3 ,333 3333

3333333333.. ,3333333333
3.,,33 3333, ,3, 3,, 3333 ,3, ,333333

z

 

